1 0.14659569938258463 0.8286129857652107 0.0481690440706834 0.13250626968659765
1 0.204575260804769 0.8629230441689457 0.0822844368746008 0.22376444476678656
1 0.4002789014264424 0.8634596878531305 0.07732169469874384 0.1987402386840326
1 0.9286991696827763 0.881862094189963 0.08088141366829893 0.21886118253331358
1 0.6715988929103683 0.8612300611176489 0.04048115818607623 0.16549707903337887
0 0.5876389184585905 0.8125232581626023 0.06194379391100702 0.0728653516662884
0 0.7869959548648073 0.8502576143606589 0.14626357249308075 0.15308399952896434
1 0.5725164998935491 0.8707075718972674 0.04760698318075374 0.17217318200924744
1 0.8025633383010432 0.8620158607980621 0.04607621886310409 0.17896747436794286
1 0.5090334255908026 0.8597542909861411 0.07145199063231855 0.2136352952278012
1 0.3032701724505003 0.8480854851627685 0.04799872258888649 0.15376758136477098
1 0.9896891632957207 0.8913364106619376 0.020621673408558694 0.2150503735140737
1 0.8470385352352565 0.802886032000786 0.024813710879284745 0.07689017929767329
1 0.26329572067276985 0.8560425055038637 0.03136895890994251 0.16481988581286022