1 0.08951869392754536 0.950628731998595 0.07647810239169564 0.09609062170706006
1 0.02208126026882613 0.9389164032314716 0.043835781125559845 0.10246048472075864
1 0.73003663003663 0.974609375 0.11062271062271062 0.05078125
1 0.17158562126317656 0.9827116262732701 0.03218119709584413 0.033902353354408055
1 0.9571936477057658 0.8646979276431331 0.018497666716844805 0.0489796276782577
1 0.8956427934552277 0.859434492448191 0.04281867295565915 0.04436775553213912
0 0.44246840385934166 0.7928556375131718 0.06713704419921486 0.034408148928696924
0 0.41819219253992695 0.7860590094836669 0.05839412993048397 0.04029329118370217
0 0.37675162210462526 0.8993642430628731 0.21060463105563207 0.16455040393396558
0 0.34789578902539914 0.7583105022831049 0.048842272117298434 0.025512820512820555
0 0.502311781182171 0.8059571478749561 0.09250414355577687 0.04887776606954697