1 0.1481381046584177 0.8801248602310846 0.08705535736471258 0.14069511740588903
1 0.11198224064418623 0.7820723071188967 0.04420292739934929 0.086846813268729
1 0.24529842626003637 0.7741502049944092 0.02805847153219496 0.053259411106969745
1 0.9080459547906437 0.8043086097651883 0.08751111529792126 0.1226686544912412
1 0.22052812239319877 0.7820499440924338 0.03034005725917768 0.06724375698844565
1 0.8078742755567205 0.8308497950055908 0.06394032157431333 0.1612169213566903
1 0.2886317787070676 0.772163622810287 0.027373436601912157 0.0613138278046963
0 0.7140384704126784 0.7862448751397688 0.15661576142828473 0.09192135669027213
1 0.4593229109069586 0.7912262392843832 0.015009255125542806 0.033846440551621226
1 0.16073715525374116 0.796956764815505 0.04791050420569614 0.0750316809541558
1 0.8491944641270023 0.7886395825568393 0.03511572934457778 0.08125792023853884