0 0.8647316666666667 0.505618442002442 0.24559333333333333 0.2240471990231991
0 0.23669500000000002 0.4657712136752136 0.25412166666666663 0.25502476190476187
1 0.5997516666666667 0.5637226275946277 0.16394166666666665 0.48596614407814404
1 0.44546 0.547168586080586 0.17603666666666673 0.5693615042735041
0 0.7515850000000001 0.4510976312576312 0.1527033333333334 0.16503279120879114
0 0.7074766666666666 0.41094282783882785 0.11917833333333339 0.13090946031746023
1 0.223495 0.3204707399267399 0.03881166666666669 0.05403319169719171
0 0.6537616666666667 0.40920240293040294 0.05945833333333339 0.10042451770451764
1 0.9588183333333333 0.3900602295482295 0.02669666666666659 0.13080693528693538
1 0.9219733333333333 0.37241092063492065 0.03848666666666656 0.0969736752136752
0 0.35148666666666667 0.4346011037851038 0.08630499999999997 0.1752902954822955
0 0.60773 0.39700942612942614 0.04179833333333338 0.08196000976800984
0 0.6396566666666667 0.3822433211233211 0.048875 0.05748653479853478
0 0.36196333333333336 0.37992775579975574 0.09992666666666661 0.09051209768009764
1 0.07973999999999999 0.41629663492063496 0.059514999999999985 0.2772976996336996