0 0.11626785714285716 0.7917892900750044 0.23253422619047623 0.2928147915576489
0 0.43268601190476197 0.7369343799058086 0.11000595238095245 0.13257924297924292
1 0.9185997023809525 0.699844967730682 0.03944940476190473 0.14265982905982919
0 0.30428125 0.7227233211233212 0.11661160714285712 0.10343373451944869
1 0.96384375 0.7185638234781093 0.045681547619047524 0.13741301238444112
1 0.7926369047619048 0.7088002790859934 0.030291666666666606 0.09495175300889586
1 0.8853839285714287 0.6981726844583989 0.025889880952380873 0.11706429443572297
0 0.36225595238095243 0.6686967381824526 0.05580505952380954 0.038504936333507704
1 0.8623080357142858 0.6974291993720566 0.01943898809523814 0.11310127332984475
1 0.9927976190476192 0.694261015175301 0.013596726190476138 0.08344001395429963
1 0.8462544642857144 0.7048327926042213 0.021433035714285786 0.09390015698587133