1 0.36252315869694884 0.8171918050158954 0.08481494909188309 0.11796714941716702
0 0.7765071325707144 0.8071776757329565 0.19469783389811662 0.07901095019427773
0 0.6132290147154154 0.8089067467326032 0.19290650995066388 0.10271458848463433
1 0.09322304211742573 0.8128558813140233 0.069707940475867 0.1228329212292476
1 0.13908994478969752 0.8121511833274461 0.04749923336995041 0.11921935711762632
0 0.9769230769230769 0.873779296875 0.046153846153846156 0.08251953125
1 0.22779492872604848 0.8291575415047685 0.0711335799488396 0.14393323913811384
1 0.02682216123685569 0.8037142352525609 0.053641672586215154 0.12573472271282227
1 0.9027133243537341 0.7884599081596609 0.03967676548107479 0.09084069233486392
0 0.4584888343729743 0.8039703285058283 0.05601597178283855 0.07765807135287894
1 0.27758631478023915 0.7732002825856586 0.03462607991325754 0.042622748145531686
1 0.27871781674113 0.790298481102084 0.040969910579235894 0.08064818085482162
0 0.8395718050935288 0.7760702931826209 0.05578013179567392 0.02763334510773574