1 0.741833755987602 0.6653926282051281 0.12673767258382648 0.2364863782051283
1 0.5085736827275289 0.6433774038461538 0.10203212172442937 0.1773517628205128
1 0.17378040762656147 0.6310496794871794 0.10252503052503056 0.2006209935897436
1 0.8010068563914717 0.6019591346153846 0.05408171315863607 0.11022035256410256
1 0.6261204095050248 0.6657051282051282 0.09294937541091393 0.211426282051282
1 0.4011195641964872 0.6370152243589743 0.07402047525124444 0.1814503205128204
1 0.33629003475157326 0.6314663461538462 0.07253573776650697 0.17968349358974356
0 0.0639398891706584 0.6008894230769231 0.12769944585329202 0.11273637820512827
1 0.9767228327228326 0.5984935897435897 0.037791678407063045 0.0959895833333333
1 0.850466046773739 0.5939623397435897 0.043983093829247547 0.09921073717948725
0 0.23056710810556966 0.5803645833333333 0.09075533013994552 0.05719951923076927
1 0.7712039072039072 0.5609455128205127 0.03146200807739281 0.04279647435897438
1 0.9411732882502113 0.5846794871794871 0.02332300178454033 0.06842948717948727