1 0.5957357210690544 0.7979840067340067 0.07516986716986715 0.14724537037037044
0 0.054391435724769066 0.8006207912457912 0.1004980204980205 0.04240740740740745
1 0.9236535316535316 0.8001704545454544 0.08185710585710582 0.13765361952861954
1 0.6942225182225182 0.8106018518518519 0.07072433739100407 0.1302104377104376
0 0.4721354694688028 0.7985669191919191 0.08257382124048797 0.08438341750841749
1 0.7556516569849904 0.7924852693602693 0.04157264957264941 0.09498737373737365
1 0.160354805688139 0.7954229797979797 0.027585648918982266 0.06294823232323221
1 0.23255361922028583 0.7883459595959595 0.042778752112085455 0.07416666666666671
1 0.18927916527916527 0.7936784511784511 0.028277105610438925 0.06581018518518511
1 0.8490488277154944 0.7998632154882154 0.04894503027836359 0.1580155723905723
0 0.3908845722179055 0.7929987373737373 0.07730106930106935 0.05219907407407409
1 0.8208348688348688 0.8048274410774411 0.047072729739396385 0.1512226430976431
1 0.7949541816208484 0.7884006734006733 0.020734228734228644 0.09115530303030295
1 0.15073755873755873 0.7944107744107743 0.0288359541692875 0.062293771043770985
1 0.17912517112517112 0.7925147306397307 0.02140989874323207 0.06561658249158242
0 0.06867522600855934 0.779050925925926 0.08154137220803886 0.024617003367003454