1 0.5088466666666667 0.6486483614163614 0.1486099999999999 0.4075244932844932
1 0.6884633333333333 0.6765301684981685 0.12486333333333333 0.3597528302808302
1 0.8554566666666666 0.6578656117216117 0.09041999999999994 0.33155594627594626
1 0.10884666666666667 0.6695684688644687 0.09701333333333334 0.36706461538461543
1 0.9397133333333333 0.665607501831502 0.09730666666666665 0.3209183492063491
1 0.3886166666666666 0.6792558339438339 0.09536333333333336 0.34469415384615376
1 0.027976666666666667 0.6710038192918193 0.055953333333333334 0.34933028571428554
1 0.20545666666666668 0.6651473894993895 0.09733999999999998 0.35409144810744814
1 0.31487333333333334 0.5524048644688644 0.044366666666666665 0.14297990720390724
1 0.58427 0.6682381440781441 0.10821666666666663 0.31372159218559226
1 0.34846333333333335 0.5401168644688644 0.03054000000000001 0.13334755555555547
1 0.7558 0.5377562881562882 0.030389999999999917 0.18589038339438338
1 0.22779333333333332 0.6485783443223442 0.05562666666666666 0.31822269108669116
1 0.033716666666666666 0.5653780317460317 0.037636666666666665 0.16389001221001215