0 0.7154471697191697 0.5776933333333333 0.2001663687423688 0.08743499999999993
0 0.5629699438339437 0.3134683333333333 0.18260708180708177 0.08178833333333335
1 0.5154083321123322 0.194705 0.03560369230769235 0.04714833333333335
1 0.7058823345543346 0.11622666666666666 0.024235916971917 0.03377166666666667
1 0.480804884004884 0.119595 0.021767814407814425 0.06159833333333331
1 0.45303810500610503 0.30824666666666667 0.03336314529914532 0.04329666666666665
1 0.886173851037851 0.54162 0.02427842735042749 0.049991666666666656
1 0.821748122100122 0.47074499999999997 0.023035623931623925 0.0601033333333334
1 0.7845015286935286 0.5160033333333333 0.032898031746031724 0.05398666666666663
1 0.5420123272283272 0.11812833333333332 0.023993357753357692 0.05415166666666668
1 0.5149382173382173 0.10350999999999999 0.021767814407814425 0.05426833333333336
1 0.5785512478632479 0.12643833333333332 0.020820083028083 0.042441666666666655
1 0.22994863980463978 0.7655866666666667 0.02860698412698414 0.052968333333333284
1 0.8195300805860807 0.5217733333333333 0.018434500610500445 0.05080333333333331
1 0.26961082295482297 0.7304133333333332 0.04002227106227107 0.049449999999999994
1 0.9510521904761905 0.5240083333333333 0.0241709010989012 0.05520333333333327
1 0.061820092796092796 0.32187333333333334 0.041852717948717956 0.09163999999999994
1 0.42829206349206345 0.756035 0.030119853479853412 0.05572333333333335
0 0.7302907936507936 0.163375 0.1473584761904761 0.07101833333333335
1 0.297197557997558 0.20599666666666666 0.019879853479853455 0.05374833333333334
0 0.8051565714285714 0.22915666666666668 0.15601558974358973 0.09121333333333337
1 0.6749722881562882 0.094775 0.03359820268620275 0.020309999999999995
1 0.12606077655677655 0.24082 0.02573878388278389 0.06347333333333333
1 0.20940362393162393 0.23639333333333332 0.026681514041514018 0.04968166666666668
1 0.19296461050061048 0.2191 0.018056908424908452 0.04832500000000001