1 0.6878333333333334 0.5567495615495616 0.1388459595959597 0.4953785177785179
1 0.03331565656565657 0.5584355792355792 0.06663131313131314 0.5292958892958892
1 0.5367727272727273 0.5774023310023312 0.0566313131313132 0.38622308062308064
1 0.1822121212121212 0.5630882302882303 0.06342171717171718 0.28239470159470154
1 0.3278661616161616 0.5718896214896215 0.07018686868686863 0.2838079254079254
1 0.2720025252525253 0.5690442298442299 0.06361868686868688 0.3015016391016391
1 0.11206565656565656 0.5690669626669627 0.052782828282828265 0.2848915232915232
1 0.41371969696969696 0.535865675065675 0.0562348484848485 0.17919147519147513
1 0.23169949494949493 0.5642248714248714 0.046318181818181814 0.2840769304769305
1 0.36964393939393936 0.5635504643504644 0.03945202020202021 0.20284118844118854
1 0.4483484848484849 0.5451293003293003 0.03840909090909095 0.15384816664816672
1 0.4886388888888889 0.575606438006438 0.05914393939393936 0.3652179524179524
1 0.5892247474747474 0.5695936063936063 0.05833080808080804 0.2948712324712324
1 0.06452020202020202 0.5634746882746883 0.07499999999999998 0.5010389906389905