0 0.5114514562943246 0.6252168582375479 0.22436300052221075 0.1427065134099617
0 0.9118935363778783 0.6409777777777778 0.17375208126273942 0.21625440613026825
0 0.4290715765712649 0.5750988505747126 0.12346890824250797 0.10821762452107286
0 0.02515876893014167 0.60546875 0.05031753786028334 0.0703125
0 0.18459703182116807 0.5822927203065134 0.14704248774489154 0.1077486590038313
0 0.7065846672169532 0.5835249042145594 0.1529108704074928 0.11256704980842909
1 0.8724691137577278 0.49972413793103443 0.020166743594494784 0.08700383141762459
1 0.7583996226605797 0.5147739463601533 0.020232292842342948 0.05685823754789274
1 0.9013746070784832 0.5033287356321838 0.02640599700149922 0.05448582375478929
1 0.6960795377592103 0.5011218390804597 0.025621131007529854 0.059978544061302666
1 0.6048436096558462 0.5439111111111111 0.02336658187760046 0.0733394636015326
1 0.3077088691609251 0.5781394636015326 0.02165540151272678 0.10442298850574715
1 0.28006951131175983 0.5705532567049808 0.03799268904873401 0.12280766283524909
1 0.7815799066758755 0.6562758620689655 0.07962508633323798 0.27806283524904213
1 0.3298162154877617 0.5731524904214559 0.019057581321698654 0.11123065134099619
1 0.3530654987113185 0.5729164750957855 0.01702900459882422 0.10918927203065129
1 0.5855152064417228 0.5399019157088122 0.015176375857015274 0.07608275862068956
1 0.5367224163199298 0.5256245210727969 0.018176116436163958 0.03561992337164751
1 0.23099382443609653 0.5427218390804598 0.01905758132169871 0.04409501915708821
1 0.37551956605966674 0.5181762452107279 0.008117756851911132 0.02165517241379315
1 0.5031491265603154 0.5170819923371648 0.015440297828613841 0.04768735632183901
1 0.8526611660461904 0.5104950191570881 0.013513494937924371 0.07783601532567058