1 0.5751413914646711 0.7560518518518518 0.07385282793774736 0.12897777777777786
1 0.5190909820508649 0.731311111111111 0.04899274442817639 0.09983703703703695
1 0.015609045062632177 0.7424888888888889 0.02819179003307847 0.05879999999999996
1 0.842688530990727 0.7316407407407407 0.03228423621278683 0.09051111111111121
1 0.6114403340382842 0.7329222222222223 0.027192278076026283 0.08204814814814809
1 0.6594169079767908 0.7307851851851851 0.03802587712163109 0.08273703703703705
1 0.7115025866276232 0.7510518518518517 0.052252263977007676 0.11444814814814808
1 0.04848188276123855 0.7217703703703703 0.03438876416680223 0.04631111111111119
1 0.774471839921913 0.7832888888888889 0.1088524049671927 0.19471481481481479
0 0.11868649205574534 0.7545185185185185 0.19348330350848644 0.06887777777777782
0 0.29046372756358113 0.7537148148148147 0.18657556531641456 0.07160000000000011
0 0.4583595249715308 0.7419666666666667 0.09296016485006231 0.07094074074074075