0 0.25965625000000003 0.8757647058823529 0.29853125 0.12763529411764707
1 0.9422499999999999 0.8361411764705883 0.04432812499999983 0.11970588235294118
1 0.433625 0.8353176470588235 0.04346875000000008 0.10702352941176474
1 0.67096875 0.8342470588235295 0.04404687500000008 0.11250588235294104
1 0.1469765625 0.8219411764705882 0.0255859375 0.07148235294117646
0 0.5378515625 0.813 0.06338281250000008 0.0929294117647059
1 0.75790625 0.8288117647058824 0.03839062500000008 0.11310588235294129
1 0.640953125 0.8201176470588235 0.022929687499999928 0.09099999999999989
0 0.6040078125 0.8105764705882353 0.047562500000000084 0.049564705882353066
1 0.5735781249999999 0.8428705882352941 0.04050781249999993 0.09340000000000012
0 0.41026562499999997 0.7920352941176471 0.03789843749999999 0.03401176470588245
1 0.9875 0.8235294117647058 0.025 0.09411764705882353
1 0.1927890625 0.8185882352941176 0.017179687499999985 0.06141176470588241
1 0.47065625000000005 0.8324470588235294 0.020445312500000055 0.10198823529411771
1 0.49296875 0.8314 0.026914062500000037 0.10140000000000006
1 0.8154999999999999 0.8009882352941177 0.022257812499999828 0.06005882352941171
0 0.704484375 0.8323294117647059 0.04507031250000004 0.0809764705882352
0 0.3632109375 0.8064705882352942 0.05147656249999999 0.05156470588235285
0 0.4537265625 0.7827764705882353 0.03958593750000006 0.04514117647058811
1 0.83725 0.8259176470588235 0.0287968750000001 0.08861176470588228