0 0.30985655129060224 0.8476853997682503 0.24622436710597848 0.11301274623406732
0 0.5330696910931262 0.8875753186558516 0.24662476323105115 0.16423232908458862
0 0.18040155412167835 0.8451796060254925 0.09590642184312453 0.05902085747392816
0 0.6684613308088004 0.8250492468134415 0.052671340260759696 0.045698146002317586
0 0.7792940581991048 0.8663470451911935 0.16216813057990806 0.09679606025492471
0 0.8596196808290655 0.8548203939745076 0.046272702185079326 0.056938006952491405
0 0.6054874902529019 0.8271292004634994 0.08456058164515225 0.06851680185399767
0 0.7224262585505642 0.8290932792584009 0.05326423452288657 0.03760428736964072
0 0.06262167423750811 0.855712890625 0.12524334847501623 0.08154296875
1 0.5558345207811514 0.8950260718424102 0.12576673286296614 0.20994785631517954
1 0.7661502854010466 0.8890208574739281 0.08608131692788024 0.14033893395133257
1 0.9831278390655419 0.8740234375 0.03374432186891629 0.1318359375
1 0.9447000074442639 0.8739629200463499 0.047196693242939396 0.12092410196987258