1 0.7684576025390625 0.34630165128205126 0.7684576025390625 0.35672086227106226 0.7690058481445312 0.35864019047619045 0.7724780703125 0.35726924175824176 0.776133041015625 0.338075958974359 0.7785087719726562 0.3312212153846154 0.78125 0.33231797435897437 0.7825292397460938 0.33478568205128206 0.7860014619140625 0.34876935897435896 0.7881944443359375 0.35233382637362637 0.78855994140625 0.355898293040293 0.7898391811523438 0.358091810989011 0.79148391796875 0.35452734432234434 0.7918494150390625 0.3397210974358974 0.7918494150390625 0.3345114923076923 0.7894736840820312 0.3146785252747253 0.7909356723632812 0.29146370183150183 0.7905701752929688 0.28597990695970693 0.7898391811523438 0.2813186813186813 0.787828947265625 0.2755606967032967 0.786366958984375 0.27254460952380954 0.783442982421875 0.26952852234432234 0.7821637426757813 0.2585609326007326 0.779057017578125 0.2555448446886447 0.7757675439453126 0.2549964652014652 0.7735745615234375 0.2585609326007326 0.7699195908203125 0.3027054813186813 0.7697368422851563 0.3106569846153846 0.7708333334960937 0.32080200512820517 0.7704678364257812 0.3320437846153846 0.7684576025390625 0.34630165128205126
0 0.5206505847953216 0.7957891309470257 0.12207602339181278 0.16799880041985304
0 0.1787280701754386 0.7621899192425508 0.1670321637426901 0.17594207741576146
0 0.35544590643274854 0.7427279309384572 0.09868421052631582 0.2412019793072425
0 0.8368055555555555 0.7912759676970204 0.12134502923976598 0.25603564466722367
1 0.6763523391812866 0.8306249384144121 0.035818713450292305 0.1773349613349614
0 0.654422514619883 0.7778297024612814 0.11038011695906436 0.197334361544888
1 0.4322002923976608 0.8369340445129917 0.04020467836257313 0.17349904676220465
1 0.5449561403508771 0.8651838142364457 0.06030701754385959 0.18064443159180002
1 0.7189327485351562 0.3345114923076923 0.7189327485351562 0.34355975384615384 0.72021198828125 0.3515112564102564 0.7222222221679687 0.3542531545787546 0.7275219296875 0.35452734432234434 0.729714912109375 0.35233382637362637 0.7308114033203125 0.33231797435897437 0.7335526313476562 0.3213503846153846 0.7333698828125 0.3175117282051282 0.7348318715820312 0.31531821025641027 0.7357456142578125 0.3106569846153846 0.7342836254882813 0.29475397875457876 0.7313596489257812 0.28954437362637364 0.72898391796875 0.2878992351648352 0.726790935546875 0.2824154402930403 0.7258771928710938 0.27775421465201466 0.7236842104492187 0.27418974798534795 0.7203947368164062 0.2755606967032967 0.7163742690429687 0.29777006593406596 0.7161915205078125 0.31778591794871797 0.71728801171875 0.3218987641025641 0.7163742690429687 0.325189041025641 0.7189327485351562 0.3345114923076923
1 0.60398391796875 0.33478568205128206 0.603252923828125 0.3490435487179487 0.60544590625 0.37865604175824175 0.6092836254882813 0.3841398366300366 0.6107456142578125 0.3800269904761905 0.6103801171875 0.3731722468864469 0.611111111328125 0.368785210989011 0.61184210546875 0.3674142622710623 0.61330409375 0.3674142622710623 0.6145833334960937 0.377285093040293 0.6167763159179688 0.3813979391941392 0.6162280703125 0.38359145714285714 0.6197002924804688 0.3874301135531135 0.6209795322265625 0.38030118021978027 0.6182383041992188 0.36604331355311354 0.6195175439453126 0.3608337084249084 0.62061403515625 0.35918856996336995 0.6207967836914062 0.35644667252747253 0.6209795322265625 0.32985026666666667 0.6202485380859375 0.31778591794871797 0.6189692983398437 0.3136730717948718 0.6136695908203125 0.30654413846153844 0.6109283627929688 0.29804425567765563 0.609649123046875 0.29722168644688646 0.6065423974609375 0.29804425567765563 0.6050804091796875 0.30188291208791207 0.604714912109375 0.31202793333333334 0.6034356723632812 0.3175117282051282 0.6030701752929688 0.32381809230769226 0.60398391796875 0.33478568205128206
1 0.5400219298245613 0.3527176916650601 0.014619883040935644 0.08467527793843577
1 0.06451023391812866 0.7539697106012895 0.028508771929824567 0.1688021763811236
1 0.0935672514619883 0.5131625645309855 0.03618421052631579 0.11492114902641214
0 0.9381396198830408 0.6304143264143265 0.12372076023391809 0.15255643381959175
0 0.9048793859649122 0.5462161386371912 0.10946637426900585 0.14318737013473853
1 0.47989766081871343 0.369448750080329 0.022295321637426868 0.08851941820362874
1 0.4449926900584795 0.37575511428143005 0.021929824561403466 0.08468350363087206
1 0.1398940058479532 0.4629639054902212 0.016630116959064356 0.0397492877492878
1 0.25374634502923976 0.43993196666880874 0.021381578947368363 0.07045305571621364
0 0.4846491228070175 0.16128389349441982 0.06834795321637432 0.07250399503031087
1 0.6768092105263157 0.3340645631171946 0.027595029239765978 0.056140350877193
1 0.1888706140350877 0.4348621982306193 0.019554093567251463 0.10692851787588628
1 0.2096125730994152 0.43294012809802285 0.01900584795321636 0.097603324550693
1 0.2334612573099415 0.43142934258723736 0.023940058479532178 0.08087226613542403
1 0.11458333333333333 0.4627006833322622 0.019005847953216387 0.12147702589807859
1 0.03782894736842105 0.4284077715656663 0.02631578947368421 0.036439817492449005