1 0.06426685076364821 0.8538911022576362 0.1285307522890438 0.2874590526781762
1 0.2269851728774917 0.8694776449756529 0.1308783459381587 0.2566135458167331
1 0.5108788470782525 0.8553452855245683 0.13755542134217416 0.2893072155821159
1 0.7322706571242681 0.85400390625 0.14899154196486664 0.2919921875
1 0.6184375661526526 0.8521890216910137 0.10598677508573381 0.29561974324922535
1 0.3504756769927447 0.8725984949092519 0.1336476806574037 0.25480079681274903
1 0.835718932986337 0.85791015625 0.12426805465191933 0.2841796875
0 0.9209999184927319 0.8663147410358566 0.15565784573698274 0.1946347941567066
1 0.4427456083279115 0.863037109375 0.11125569290826284 0.27392578125
1 0.976252439817827 0.90087890625 0.04749512036434613 0.1923828125
1 0.47891500289595607 0.8428972996901284 0.05986953652893671 0.2644710048694112