1 0.3581524395604395 0.627595 0.08283772405372404 0.1067016666666667
0 0.10106717460317463 0.5894499999999999 0.19813337240537238 0.043558333333333366
0 0.807457133089133 0.5886583333333333 0.18335726495726484 0.048236666666666705
1 0.2270654358974359 0.63266 0.05324549938949941 0.11490500000000003
1 0.5829198144078145 0.6495166666666666 0.0608698608058608 0.1361000000000001
1 0.452415452991453 0.643365 0.07513834432234434 0.13552833333333325
1 0.5266610793650793 0.6834216666666666 0.10599837851037848 0.13798
0 0.4502574261294261 0.5826549999999999 0.0738755360195361 0.0371999999999999
1 0.3404906275946276 0.57589 0.01577135042735039 0.04024333333333341
0 0.9787589548229547 0.5867216666666666 0.0377467155067156 0.02455166666666675
0 0.1595014407814408 0.5892033333333333 0.09316274481074481 0.03721166666666664
1 0.6661551355311355 0.5760033333333333 0.014143452991453033 0.02613500000000002