1 0.18469553215276532 0.6408278301886793 0.051905977833294245 0.11501179245283022
1 0.7595551200121463 0.5841792452830189 0.04239047080095498 0.04000707547169813
1 0.32470740224427547 0.6167853773584906 0.04403351230486808 0.09009669811320764
1 0.496619011469821 0.7311721698113208 0.15282759382203143 0.3781745283018869
1 0.38324914769982477 0.736318396226415 0.136895391367959 0.2934811320754718
1 0.8475550095926903 0.7330471698113208 0.12995574940304466 0.300191037735849
1 0.11154308429145215 0.71875 0.14501519647761935 0.30566509433962263
1 0.931714068818926 0.7648254716981132 0.13280368800982728 0.32696698113207545
1 0.6482947095278189 0.7504150943396227 0.14225912685815234 0.27896933962264137
0 0.8361375274323336 0.654052734375 0.32772494513533285 0.16162109375
0 0.6349560392541166 0.6082924528301886 0.21341872437923565 0.08167924528301884