0 0.9074792949670842 0.6770081777344249 0.1850414100658313 0.2182373308118153
0 0.49032278615417285 0.6393705039976234 0.1742790401359099 0.09935122329282932
1 0.8235994903376513 0.7430736267657461 0.09695901465279255 0.32186537288611516
1 0.8906901677638566 0.7365610717682145 0.0924336377150139 0.2967189019883025
1 0.6927330643448715 0.6115461550201252 0.03132299851348486 0.08299753587161546
1 0.7763113187513273 0.6077253819344685 0.025105117859418158 0.08016671563784643
1 0.12128902102357189 0.7561126405929984 0.0921278403057974 0.3439307545707491
0 0.15173497557867913 0.5912882715201179 0.03804629433000639 0.038018638738792056
0 0.5688872372053514 0.5858268462361077 0.16956891059672974 0.08343689696880167
0 0.36451051178594185 0.6118075470652867 0.09696963261839031 0.08830601900154189
0 0.19687407092801024 0.7202796842743856 0.30737948609046506 0.2442347162396216
1 0.7141771076661712 0.6031704865092093 0.023561265661499187 0.07551727415369931
1 0.6067509025270759 0.6276050811989231 0.05204714376725428 0.11247087934678059
0 0.2600339774899129 0.612758569187044 0.13357400722021662 0.10709287705590691
0 0.05478870248460395 0.6297295867574688 0.10745381184964961 0.14659922583896878