0 0.9032205128205129 0.66072 0.17827352380952385 0.05695600000000001
1 0.06360052747252748 0.643992 0.028712009768009767 0.060859999999999914
1 0.5540152576312576 0.6415080000000001 0.036103814407814426 0.0566279999999999
1 0.3578473650793651 0.623124 0.024706031746031747 0.050596000000000085
1 0.4515152332112332 0.635368 0.026556483516483563 0.05740400000000001
1 0.1942024126984127 0.6179560000000001 0.01998487912087912 0.046388000000000096
0 0.4902997020757021 0.62846 0.031257631257631285 0.026464000000000043
1 0.6807111892551893 0.63634 0.014283487179487306 0.02751199999999998
0 0.6151201758241759 0.6115120000000001 0.03425836385836383 0.028991999999999907
0 0.6493235262515262 0.621992 0.026666510378510394 0.02438399999999996
1 0.6657525372405373 0.6193520000000001 0.012523057387057418 0.02718799999999999
0 0.6120594285714286 0.6039800000000001 0.03484850793650795 0.025984000000000007
0 0.5552555604395605 0.595444 0.01736423931623933 0.0159959999999999
1 0.46442838583638585 0.630632 0.031597714285714236 0.046156000000000086