0 0.7372983333333333 0.42762940170940167 0.5126566666666668 0.4056865445665446
0 0.29660833333333336 0.4620628083028083 0.4775533333333333 0.46663892551892544
1 0.10290833333333334 0.21845583394383392 0.05903 0.16498527960927964
0 0.8614466666666667 0.2913861391941392 0.1272766666666667 0.10312767765567764
1 0.217455 0.18992886935286935 0.06602333333333332 0.0912372747252747
1 0.2964283333333333 0.19232695482295484 0.06677333333333335 0.09435303540903538
1 0.8794899999999999 0.24694778998779 0.02567000000000008 0.05252282295482298
1 0.9031266666666666 0.2565376312576313 0.02732000000000001 0.06401312820512822
0 0.39388666666666666 0.21864588034188032 0.045413333333333306 0.04694646153846151
0 0.9752983333333333 0.2722014554334554 0.037356666666666705 0.021250188034187992
1 0.15946333333333332 0.20477499389499387 0.020331666666666692 0.061067409035409075
0 0.3569483333333333 0.2519365079365079 0.07986833333333332 0.0897969230769231