0 0.14668801157690045 0.8792978395061728 0.2933760231538009 0.23530285493827163
0 0.9070733052955274 0.8218016975308642 0.17922489033600147 0.13209876543209864
0 0.764862659973771 0.8085416666666665 0.1626033554922444 0.08369020061728394
0 0.42685189707411925 0.8175713734567901 0.14301523990412873 0.09320794753086425
0 0.5070421923755257 0.803954475308642 0.15851960385293717 0.09561342592592603
0 0.6185914168136389 0.7913445216049382 0.13234423189978753 0.07427662037037042
0 0.250474924252702 0.8522164351851852 0.17644353999909554 0.15389467592592587
0 0.30385311807534027 0.8169675925925926 0.17454492832270604 0.11574845679012347
0 0.7364268982046759 0.7655787037037037 0.08959942115497685 0.05145254629629625
0 0.8222956631845519 0.7685763888888889 0.09616641794419582 0.050393518518518476
0 0.41682340704562926 0.7610802469135802 0.14544349477682805 0.03679205246913586
0 0.6750664315108759 0.769729938271605 0.059676027676027595 0.04336419753086429
0 0.05617690951024284 0.7665277777777777 0.11174313752091528 0.036599151234567806
0 0.7363545425767647 0.7517631172839505 0.08588902455569121 0.030663580246913513
0 0.5908242210464433 0.761159336419753 0.09860335549224429 0.03366512345679018