1 0.077434 0.129425 0.051622 0.090708
1 0.508850 0.388274 0.870206 0.776549
1 0.491888 0.105088 0.119469 0.068584
1 0.578171 0.087389 0.061947 0.042035
1 0.800885 0.123894 0.120944 0.079646
1 0.861357 0.120575 0.073746 0.081858
1 0.913717 0.121681 0.110619 0.075221
1 0.974189 0.131637 0.042773 0.064159
1 0.990413 0.088496 0.019174 0.030973
0 0.124631 0.296460 0.095870 0.256637
0 0.387168 0.127212 0.022124 0.090708
0 0.424041 0.098451 0.016224 0.028761
0 0.455752 0.146018 0.029499 0.221239
0 0.665192 0.079646 0.020649 0.039823
0 0.679941 0.080752 0.014749 0.028761
0 0.698378 0.079646 0.033923 0.044248
0 0.772124 0.091814 0.039823 0.059735
0 0.796460 0.101770 0.023599 0.061947
0 0.816372 0.108407 0.022124 0.070796
0 0.926991 0.122788 0.022124 0.095133
0 0.945428 0.125000 0.023599 0.090708