1 0.500000 0.490044 1.000000 0.860619
0 0.125920 0.143805 0.051546 0.256637
0 0.163476 0.097345 0.026510 0.101770
0 0.264359 0.085177 0.016200 0.019912
0 0.315906 0.110619 0.030928 0.123894
0 0.361561 0.109513 0.030928 0.139381
0 0.382180 0.126106 0.051546 0.176991
0 0.474227 0.111726 0.041237 0.095133
0 0.717968 0.101770 0.025037 0.053097
0 0.760677 0.106195 0.013255 0.053097
0 0.784242 0.116150 0.019146 0.077434
0 0.807806 0.089602 0.022091 0.033186
0 0.833579 0.088496 0.017673 0.030973
0 0.966863 0.115044 0.025037 0.048673
0 0.988218 0.097345 0.020618 0.026549