1 0.063599 0.279518 0.127199 0.163855
1 0.148850 0.239759 0.129905 0.103614
1 0.594046 0.456627 0.763193 0.850602
1 0.297023 0.197590 0.152909 0.144578
1 0.421516 0.165060 0.098782 0.089157
1 0.930311 0.077108 0.050068 0.057831
1 0.983085 0.056627 0.033829 0.040964
0 0.197564 0.169880 0.010825 0.050602
0 0.212449 0.177108 0.016238 0.036145
0 0.229364 0.171084 0.014885 0.067470
0 0.294993 0.162651 0.010825 0.036145
0 0.405954 0.136145 0.008119 0.040964
0 0.448579 0.116867 0.012179 0.031325
0 0.464817 0.120482 0.014885 0.033735
0 0.481732 0.122892 0.013532 0.024096
0 0.529093 0.242169 0.043302 0.065060
0 0.682003 0.077108 0.008119 0.019277
0 0.782815 0.062651 0.009472 0.014458