1 0.501563 0.536458 0.993750 0.927083
1 0.781250 0.261458 0.209375 0.131250
0 0.525000 0.179167 0.021875 0.041667
0 0.537500 0.188542 0.025000 0.031250
0 0.562500 0.189583 0.021875 0.041667
0 0.608594 0.172917 0.064063 0.083333
0 0.631250 0.169792 0.015625 0.022917
0 0.661719 0.194792 0.039062 0.114583
0 0.689063 0.183333 0.018750 0.041667
0 0.721094 0.162500 0.029687 0.041667
0 0.745313 0.180208 0.015625 0.035417
0 0.763281 0.182292 0.014062 0.035417
0 0.815625 0.268750 0.090625 0.220833
0 0.798438 0.192708 0.015625 0.035417
0 0.876563 0.205208 0.065625 0.085417
0 0.921875 0.289583 0.096875 0.308333
0 0.967187 0.178125 0.018750 0.043750
0 0.978906 0.293750 0.039062 0.220833